shape_id,shape_pt_lat,shape_pt_lon,shape_pt_sequence,shape_dist_traveled
chop-pkp,52.316391,16.132839,0,0
chop-pkp,52.316404,16.132885,1,3.4447594064028095
chop-pkp,52.316483,16.133077,2,19.176651093692588
chop-pkp,52.316552,16.133223,3,31.72076645195554
chop-pkp,52.316568,16.133251,4,34.32607821148461
chop-pkp,52.316575,16.133262,5,35.405392099177625
chop-pkp,52.316584,16.133275,6,36.740440903890345
chop-pkp,52.316606,16.133302,7,39.798642021221134
chop-pkp,52.316633,16.133324,8,43.152723918018715
chop-pkp,52.316664,16.133343,9,46.83376811544259
chop-pkp,52.316679,16.133348,10,48.53596866254573
chop-pkp,52.317069,16.133378,11,91.94996742146759
chop-pkp,52.317158,16.133371,12,101.85776114741931
chop-pkp,52.317149,16.133573,13,115.62461932142443
chop-pkp,52.317084,16.135454,14,243.6850410532447
chop-pkp,52.317065,16.135961,15,278.2118366501623
chop-pkp,52.317058,16.13614,16,290.40380321191185
chop-pkp,52.317025,16.136905,17,342.53217364044525
chop-pkp,52.31698,16.137083,18,355.6251850825083
chop-pkp,52.316962,16.13715,19,360.5997747517575
chop-pkp,52.31694,16.137168,20,363.3349748564596
chop-pkp,52.316914,16.137213,21,367.54382378527237
chop-pkp,52.3169,16.137271,22,371.78246999304855
chop-pkp,52.316899,16.137329,23,375.7264628302838
chop-pkp,52.316873,16.137445,24,384.12462907923384
chop-pkp,52.316824,16.13757,25,394.21815516609837
chop-pkp,52.316794,16.137624,26,399.1780728746101
chop-pkp,52.316496,16.138142,27,447.52843043545903
chop-pkp,52.316444,16.138232,28,455.9461742021989
chop-pkp,52.316438,16.138242,29,456.89862199410607
chop-pkp,52.316373,16.138353,30,467.3469445155257
chop-pkp,52.316289,16.13849,31,480.53647096152423
chop-pkp,52.316131,16.138749,32,505.40830341315103
chop-pkp,52.315956,16.139039,33,533.107418965377
chop-pkp,52.315881,16.139157,34,544.6783075316986
chop-pkp,52.315773,16.139337,35,561.8224889272077
chop-pkp,52.315678,16.139495,36,576.8868741682076
chop-pkp,52.31557,16.139676,37,594.0796737154978
chop-pkp,52.315477,16.139853,38,609.9446618617204
chop-pkp,52.315335,16.140127,39,634.3621208605493
chop-pkp,52.315268,16.140289,40,647.6575208500785
chop-pkp,52.315173,16.140541,41,667.7825924147851
chop-pkp,52.314956,16.141282,42,723.6338076395645
chop-pkp,52.314912,16.141438,43,735.3122993897545
chop-pkp,52.314793,16.141852,44,766.4100005897892
chop-pkp,52.314683,16.142247,45,795.9152969560934
chop-pkp,52.314537,16.142746,46,833.5203321550741
chop-pkp,52.313904,16.144898,47,995.8594015475454
chop-pkp,52.313865,16.145018,48,1005.0977816253915
chop-pkp,52.313909,16.145055,49,1010.5990029428415
chop-pkp,52.314072,16.145199,50,1031.198216550018
chop-pkp,52.314236,16.145288,51,1050.4115828527154
chop-pkp,52.314595,16.145374,52,1090.7564076963906
chop-pkp,52.314825,16.14544,53,1116.7218067548636
chop-pkp,52.31511,16.145618,54,1150.6437259831864
chop-pkp,52.315208,16.145691,55,1162.6174778670932
chop-pkp,52.315875,16.146135,56,1242.6902344599896
chop-pkp,52.315912,16.14616,57,1247.1415952739558
chop-pkp,52.315949,16.146186,58,1251.6193463040254
chop-pkp,52.316317,16.146449,59,1296.2738232265854
chop-pkp,52.316574,16.14659,60,1326.4153378295964
chop-pkp,52.316875,16.146665,61,1360.2710838180233
chop-pkp,52.317383,16.146787,62,1417.363644619494
chop-pkp,52.318083,16.146964,63,1496.1245082736373
chop-pkp,52.318237,16.146986,64,1513.3137179170944
chop-pkp,52.318406,16.146983,65,1532.106792770235
chop-pkp,52.31858,16.14693,66,1551.787251231495
chop-pkp,52.318684,16.14688,67,1563.8405756629106
chop-pkp,52.318866,16.146754,68,1585.8156156133596
chop-pkp,52.319035,16.146593,69,1607.5616492329837
chop-pkp,52.319494,16.145998,70,1672.6804819330391
chop-pkp,52.319972,16.145381,71,1740.3837337089326
chop-pkp,52.320321,16.144912,72,1790.60452693385
chop-pkp,52.320374,16.144841,73,1798.2215335373305
chop-pkp,52.320955,16.146097,74,1905.2784463795826
chop-pkp,52.321248,16.146731,75,1959.2995022651062
chop-pkp,52.321992,16.148326,76,2095.66585247783
chop-pkp,52.322581,16.149556,77,2201.8629009915417
chop-pkp,52.322757,16.149824,78,2228.597904968743
chop-pkp,52.322985,16.149997,79,2256.5441395918783
chop-pkp,52.323588,16.150387,80,2328.6436084281045
chop-pkp,52.323622,16.150259,81,2338.1288267680834
chop-pkp,52.324499,16.147859,82,2528.1660265892806
chop-pkp,52.325026,16.146695,83,2626.612710099149
chop-pkp,52.325233,16.146207,84,2666.9821193495895
chop-pkp,52.325609,16.145321,85,2740.286608764252
chop-pkp,52.325723,16.14503,86,2763.7766985935314
chop-pkp,52.326003,16.144428,87,2815.1878304554366
chop-pkp,52.326132,16.144132,88,2839.894109970218
chop-pkp,52.326426,16.143473,89,2895.3412558398654
chop-pkp,52.326557,16.14311,90,2923.989710814784
chop-pkp,52.326699,16.142675,91,2957.5040069160573
chop-pkp,52.326873,16.142206,92,2994.7890763084893
chop-pkp,52.326962,16.141728,93,3028.746792138506
chop-pkp,52.32704,16.14119,94,3066.322509920101
chop-pkp,52.327046,16.141145,95,3069.4525180570567
chop-pkp,52.327213,16.139817,96,3161.590258179196
chop-pkp,52.32729,16.139505,97,3184.4563256999445
chop-pkp,52.327445,16.139188,98,3212.0447994390647
chop-pkp,52.32777,16.138716,99,3260.3647392971543
chop-pkp,52.327861,16.138577,100,3274.2072130095203
chop-pkp,52.328136,16.138184,101,3314.806445179566
chop-pkp,52.328449,16.137784,102,3358.9674148313825
chop-pkp,52.329172,16.137116,103,3451.2917596417537
chop-pkp,52.329558,16.136806,104,3499.1038871419714
chop-pkp,52.329757,16.136675,105,3522.9551732670984
chop-pkp,52.330118,16.136456,106,3565.7663626834487
chop-pkp,52.330594,16.136011,107,3626.724086636601
chop-pkp,52.330852,16.135671,108,3663.558774806701
chop-pkp,52.331301,16.13497,109,3732.5633674475944
chop-pkp,52.331905,16.134078,110,3823.031489705045
chop-pkp,52.331914,16.133906,111,3834.7616211526793
chop-pkp,52.329654,16.133854,112,4086.087342935392
chop-pkp,52.328682,16.133828,113,4194.18340087954
chop-pkp,52.328357,16.13382,114,4230.32589078789
chop-pkp,52.328035,16.133812,115,4266.134833605494
chop-pkp,52.327718,16.133777,116,4301.4638276667965
chop-pkp,52.327431,16.133613,117,4335.266884555194
chop-pkp,52.327064,16.133256,118,4382.742347899743
chop-pkp,52.326636,16.132839,119,4438.131965684934
chop-pkp,52.326333,16.132552,120,4477.0622047755605
chop-pkp,52.325736,16.132005,121,4553.145258859755
chop-pkp,52.324885,16.131208,122,4662.1774429756
chop-pkp,52.324398,16.130751,123,4724.603788339521
chop-pkp,52.324232,16.130596,124,4745.85649663574
chop-pkp,52.32411,16.130491,125,4761.184675850552
chop-pkp,52.324049,16.130439,126,4768.833008309667
chop-pkp,52.323735,16.130228,127,4806.57834928704
chop-pkp,52.323616,16.130173,128,4820.3283912136685
chop-pkp,52.323552,16.130144,129,4827.712757517511
chop-pkp,52.32352,16.130129,130,4831.414155582081
chop-pkp,52.32336,16.13008,131,4849.514358184227
chop-pkp,52.323141,16.130025,132,4874.151298167921
chop-pkp,52.323063,16.130007,133,4882.91036434957
chop-pkp,52.322199,16.1298,134,4980.0075271363785
chop-pkp,52.321865,16.129723,135,5017.513585558544
chop-pkp,52.321337,16.129602,136,5076.797760104132
chop-pkp,52.320595,16.129464,137,5159.835924156423
chop-pkp,52.320556,16.12946,138,5164.181045869613
chop-pkp,52.320552,16.129585,139,5172.688584589854
chop-pkp,52.320576,16.129881,140,5192.983108642677
chop-pkp,52.320614,16.130142,141,5211.218830045465
chop-pkp,52.32082,16.131499,142,5306.251911828313
chop-pkp,52.320833,16.131628,143,5315.1379948003905
chop-pkp,52.320839,16.131921,144,5335.063439652124
chop-pkp,52.320818,16.132544,145,5377.471100360708
chop-pkp,52.3208,16.133093,146,5414.838537863455
chop-pkp,52.320774,16.134219,147,5491.423826541987
chop-pkp,52.320771,16.134351,148,5500.401656492916
chop-pkp,52.320737,16.13565,149,5588.77160061866
chop-pkp,52.320713,16.136589,150,5652.648356431579
chop-pkp,52.320692,16.1375,151,5714.610313151218
chop-pkp,52.32069,16.137615,152,5722.429683804765
chop-pkp,52.320684,16.137745,153,5731.290550136898
chop-pkp,52.32068,16.13792,154,5743.193094686094
chop-pkp,52.320666,16.138477,155,5781.082734683667
chop-pkp,52.320647,16.139324,156,5838.689601471853
chop-pkp,52.320621,16.139787,157,5870.290897166046
chop-pkp,52.320561,16.140296,158,5905.523636168032
chop-pkp,52.320486,16.140689,159,5933.506389508992
chop-pkp,52.320395,16.141017,160,5957.98864414299
chop-pkp,52.320302,16.141311,161,5980.488375243828
chop-pkp,52.320166,16.14168,162,6009.7749226846845
chop-pkp,52.320019,16.141985,163,6036.174226782948
chop-pkp,52.319895,16.142206,164,6056.56401470499
chop-pkp,52.319723,16.142466,165,6082.603956013509
chop-pkp,52.319506,16.142762,166,6114.020319514472
chop-pkp,52.319443,16.142834,167,6122.565667767673
chop-pkp,52.319023,16.14185,168,6204.13918993623
chop-pkp,52.318944,16.141664,169,6219.533831681809
chop-pkp,52.318632,16.140893,170,6282.381749923832
chop-pkp,52.318365,16.140276,171,6333.764773163202
chop-pkp,52.318282,16.14007,172,6350.534768378281
chop-pkp,52.318117,16.139665,173,6383.616799254932
chop-pkp,52.317993,16.139379,174,6407.4499093625745
chop-pkp,52.317902,16.139152,175,6425.9014054766085
chop-pkp,52.317832,16.138983,176,6439.777288646452
chop-pkp,52.317515,16.138217,177,6502.653191823229
chop-pkp,52.317309,16.137722,178,6543.356484801297
chop-pkp,52.317256,16.137605,179,6553.254855634451
chop-pkp,52.317181,16.137422,180,6568.230726226543
chop-pkp,52.317107,16.137284,181,6580.708519536066
chop-pkp,52.317096,16.137226,182,6584.836310606427
chop-pkp,52.317073,16.137177,183,6589.035596860155
chop-pkp,52.317039,16.137046,184,6598.709361574568
chop-pkp,52.317025,16.136905,185,6608.419109225823
chop-pkp,52.317058,16.13614,186,6660.547479654357
chop-pkp,52.317065,16.135961,187,6672.739446216106
chop-pkp,52.317084,16.135454,188,6707.266241813024
chop-pkp,52.317149,16.133573,189,6835.326663544844
chop-pkp,52.317158,16.133371,190,6849.09352171885
chop-pkp,52.317198,16.133359,191,6853.615497982059
chop-pkp,52.317239,16.133355,192,6858.182596542971
chop-pkp,52.317504,16.133365,193,6887.65713147567
chop-pkp,52.317681,16.133371,194,6907.342885654135
chop-pkp,52.31775,16.133372,195,6915.0156472697
chop-pkp,52.317912,16.133375,196,6933.030404386989
chop-pkp,52.318013,16.133377,197,6944.261930220371
chop-pkp,52.318092,16.133377,198,6953.046341558765
chop-pkp,52.318099,16.133141,199,6969.106372784344
chop-pkp,52.318103,16.132928,200,6983.591026337242
chop-pkp,52.318124,16.131848,201,7057.036815437511
chop-pkp,52.318125,16.131812,202,7059.486295312697
chop-pkp,52.31813,16.131517,203,7079.545434728359
chop-pkp,52.318132,16.131413,204,7086.6179112728905
chop-pkp,52.318146,16.130896,205,7121.793352495072
chop-pkp,52.31815,16.130769,206,7130.437111406058
chop-pkp,52.318152,16.130643,207,7139.004334650465
chop-pkp,52.318163,16.130189,208,7169.887360587504
chop-pkp,52.318167,16.130032,209,7180.56805725646
chop-pkp,52.31817,16.129926,210,7187.780690580622
chop-pkp,52.318189,16.129196,211,7237.444390475402
chop-pkp,52.3182,16.128698,212,7271.315968857338
chop-pkp,52.318191,16.128254,213,7301.5116166985645
chop-pkp,52.318196,16.128081,214,7313.283711326478
chop-pkp,52.318232,16.127162,215,7375.877034413456
chop-pkp,52.318239,16.126909,216,7393.091251618629
chop-pkp,52.318277,16.1269,217,7397.360717321304
chop-pkp,52.318304,16.126886,218,7400.5101825968195
chop-pkp,52.318557,16.126587,219,7435.21552751771
chop-pkp,52.318956,16.126107,220,7490.286806692512
chop-pkp,52.319327,16.125644,221,7542.173137489907
chop-pkp,52.319565,16.125348,222,7575.4166677298
chop-pkp,52.320329,16.124242,223,7688.853732237028
chop-pkp,52.320418,16.124112,224,7702.120567787512
chop-pkp,52.320829,16.123465,225,7765.542760833776
chop-pkp,52.321217,16.122852,226,7825.519614459417
chop-pkp,52.32162,16.122228,227,7887.218484735782
chop-pkp,52.321695,16.122112,228,7898.6948490722325
chop-pkp,52.321724,16.122141,229,7902.47416766857
chop-pkp,52.321749,16.12215,230,7905.320547700141
chop-pkp,52.321775,16.122148,231,7908.214813579463
chop-pkp,52.321799,16.122133,232,7911.0715954832485
chop-pkp,52.32182,16.122109,233,7913.919995608427
chop-pkp,52.321832,16.122124,234,7915.599222692772
chop-pkp,52.321893,16.122225,235,7925.249555292166
chop-pkp,52.32216,16.122692,236,7968.710419080549
chop-pkp,52.322239,16.122839,237,7982.01388477169
chop-pkp,52.322441,16.123213,238,8015.934763891298
chop-pkp,52.322568,16.12352,239,8041.129477985189
chop-pkp,52.322683,16.123848,240,8066.8289145082435
chop-pkp,52.323059,16.124923,241,8151.00684526485
chop-pkp,52.323124,16.125163,242,8168.847658531307
chop-pkp,52.32318,16.125373,243,8184.419189846849
chop-pkp,52.32329,16.125284,244,8198.064539402483
chop-pkp,52.323539,16.125048,245,8230.062331584502
chop-pkp,52.32346,16.124258,246,8284.466742263481
chop-pkp,52.323201,16.12409,247,8315.447032007076
chop-pkp,52.323015,16.124263,248,8339.23777185886
chop-pkp,52.323269,16.125026,249,8398.286389706172
chop-pkp,52.323272,16.125131,250,8405.430303623642
chop-pkp,52.32329,16.125284,251,8416.01952649686
chop-pkp,52.32318,16.125373,252,8429.664876052495
chop-pkp,52.323124,16.125163,253,8445.236407368036
chop-pkp,52.323059,16.124923,254,8463.077220634494
chop-pkp,52.322683,16.123848,255,8547.2551513911
chop-pkp,52.322568,16.12352,256,8572.954587914155
chop-pkp,52.322441,16.123213,257,8598.149302008045
chop-pkp,52.322239,16.122839,258,8632.070181127652
chop-pkp,52.32216,16.122692,259,8645.373646818793
chop-pkp,52.321893,16.122225,260,8688.834510607176
chop-pkp,52.32182,16.122109,261,8700.150275403954
chop-pkp,52.321836,16.122074,262,8703.120778546196
chop-pkp,52.321846,16.122033,263,8706.121018116855
chop-pkp,52.321848,16.12199,264,8709.05197296481
chop-pkp,52.321842,16.121947,265,8712.049664770657
chop-pkp,52.321823,16.121899,266,8715.936352918905
chop-pkp,52.321809,16.121879,267,8718.003022767449
chop-pkp,52.321786,16.121859,268,8720.899305381636
chop-pkp,52.32176,16.121851,269,8723.841062064412
chop-pkp,52.321733,16.121856,270,8726.86250055087
chop-pkp,52.321693,16.121891,271,8731.906467162531
chop-pkp,52.321617,16.12177,272,8743.698322388802
chop-pkp,52.321435,16.12146,273,8772.912622532438
chop-pkp,52.321211,16.121077,274,8808.940476406133
chop-pkp,52.321194,16.121047,275,8811.72090160784
chop-pkp,52.321061,16.120892,276,8829.878395875547
chop-pkp,52.320928,16.120832,277,8845.219287107335
chop-pkp,52.320894,16.120831,278,8849.000530724616
chop-pkp,52.320648,16.120821,279,8876.362963082112
chop-pkp,52.320402,16.120819,280,8903.717290577804
chop-pkp,52.320279,16.120816,281,8917.395805297932
chop-pkp,52.320131,16.120813,282,8933.853940321029
chop-pkp,52.32001,16.120809,283,8947.31129155318
chop-pkp,52.319952,16.120808,284,8953.76096434866
chop-pkp,52.319646,16.120801,285,8987.789985127065
chop-pkp,52.319379,16.120794,286,9017.48288362055
chop-pkp,52.319203,16.120805,287,9037.067494273024
chop-pkp,52.319037,16.120847,288,9055.745323903531
chop-pkp,52.318827,16.120924,289,9079.675617280342
chop-pkp,52.318654,16.121049,290,9100.7050920565
chop-pkp,52.318494,16.121162,291,9120.083417552265
chop-pkp,52.318365,16.121255,292,9135.75866421767
chop-pkp,52.318262,16.121326,293,9148.186971753861
chop-pkp,52.317959,16.121539,294,9184.858016173006
chop-pkp,52.317898,16.121582,295,9192.243832490954
chop-pkp,52.317638,16.121756,296,9223.480169132468
chop-pkp,52.317604,16.121778,297,9227.545798215811
chop-pkp,52.317536,16.121808,298,9235.377202065029
chop-pkp,52.317508,16.121786,299,9238.831158229565
chop-pkp,52.317478,16.121777,300,9242.222639641132
chop-pkp,52.317449,16.121782,301,9245.465157123319
chop-pkp,52.317421,16.1218,302,9248.810391141114
chop-pkp,52.317398,16.121829,303,9252.039373674483
chop-pkp,52.31738,16.121867,304,9255.307037184424
chop-pkp,52.31737,16.121908,305,9258.30753796945
chop-pkp,52.317366,16.121952,306,9261.331203937509
chop-pkp,52.317344,16.122,307,9265.409109435248
chop-pkp,52.317295,16.122063,308,9272.33907680062
chop-pkp,52.317109,16.122282,309,9297.82139338836
chop-pkp,52.316959,16.12245,310,9318.035263734624
chop-pkp,52.316746,16.12269,311,9346.794406581645
chop-pkp,52.316361,16.123119,312,9398.592519620242
chop-pkp,52.316062,16.123459,313,9439.083371218247
chop-pkp,52.316009,16.123518,314,9446.211861007896
chop-pkp,52.315554,16.12402,315,9507.237458554328
chop-pkp,52.315458,16.124132,316,9520.348926867206
chop-pkp,52.315384,16.124344,317,9536.943388068936
chop-pkp,52.31538,16.124586,318,9553.39939264922
chop-pkp,52.315377,16.124907,319,9575.2219756894
chop-pkp,52.315375,16.125019,320,9582.838443879014
chop-pkp,52.315359,16.125642,321,9625.224348153599
chop-pkp,52.315338,16.126301,322,9670.080843473199
chop-pkp,52.315338,16.126341,323,9672.799853220911
chop-pkp,52.315331,16.126525,324,9685.331495336564
chop-pkp,52.315288,16.127948,325,9782.178431348948
chop-pkp,52.315276,16.128156,326,9796.380123870735
chop-pkp,52.315275,16.128162,327,9796.802862123976
chop-pkp,52.315256,16.128386,328,9812.175214180164
chop-pkp,52.315248,16.128465,329,9817.61844901546
chop-pkp,52.315239,16.128555,330,9823.817546148195
chop-pkp,52.315225,16.128663,331,9831.32212755378
chop-pkp,52.3152,16.128715,332,9835.819013220551
chop-pkp,52.315153,16.128785,333,9842.88683542078
chop-pkp,52.315132,16.128811,334,9845.815359373708
chop-pkp,52.315114,16.128831,335,9848.23492948421
chop-pkp,52.315074,16.128879,336,9853.751179201452
chop-pkp,52.314916,16.129023,337,9873.862829479742
chop-pkp,52.314416,16.129293,338,9932.411449418069
chop-pkp,52.314368,16.129323,339,9938.125134834096
chop-pkp,52.314233,16.129403,340,9954.091150176957
chop-pkp,52.314066,16.129473,341,9973.260697989284
chop-pkp,52.313967,16.129498,342,9984.399415258593
chop-pkp,52.313709,16.129497,343,10013.087826495246
chop-pkp,52.31352,16.12949,344,10034.109083057869
chop-pkp,52.312961,16.129478,345,10096.27248543812
chop-pkp,52.312902,16.129478,346,10102.832995171926
chop-pkp,52.312469,16.129472,347,10150.98219251972
chop-pkp,52.312317,16.129468,348,10167.886031933185
chop-pkp,52.311927,16.129453,349,10211.26410012736
chop-pkp,52.311839,16.129437,350,10221.109533653811
chop-pkp,52.311698,16.129429,351,10236.797469415516
chop-pkp,52.311598,16.129459,352,10248.102456036924
chop-pkp,52.311519,16.129466,353,10256.89974722716
chop-pkp,52.311462,16.12946,354,10263.250977931499
chop-pkp,52.311435,16.129436,355,10266.667929932206
chop-pkp,52.311404,16.129428,356,10270.157616064836
chop-pkp,52.311372,16.129437,357,10273.768077020684
chop-pkp,52.311308,16.129425,358,10280.931166588103
chop-pkp,52.311146,16.129412,359,10298.96643551101
chop-pkp,52.311069,16.129429,360,10307.60610130841
chop-pkp,52.311015,16.129424,361,10313.620248864689
chop-pkp,52.310895,16.129417,362,10326.97214147908
chop-pkp,52.31058,16.12941,363,10362.001824276591
chop-pkp,52.310452,16.129411,364,10376.234956902823
chop-pkp,52.310203,16.12939,365,10403.959313865966
chop-pkp,52.310072,16.129378,366,10418.548695863965
chop-pkp,52.309916,16.129365,367,10435.9176278035
chop-pkp,52.309763,16.129368,368,10452.9316975248
chop-pkp,52.309657,16.129373,369,10464.723276527846
chop-pkp,52.309127,16.12942,370,10523.743226349965
chop-pkp,52.308906,16.129436,371,10548.34140182458
chop-pkp,52.308728,16.129429,372,10568.139846517344
chop-pkp,52.308629,16.129413,373,10579.201771850365
chop-pkp,52.308373,16.129351,374,10607.978098487605
chop-pkp,52.30803,16.129261,375,10646.605706888091
chop-pkp,52.307798,16.129195,376,10672.79029749599
chop-pkp,52.307699,16.129171,377,10683.918880142042
chop-pkp,52.307598,16.129141,378,10695.333288039581
chop-pkp,52.307379,16.129075,379,10720.094972402678
chop-pkp,52.30731,16.129057,380,10727.864417479463
chop-pkp,52.30702,16.12898,381,10760.533169268367
chop-pkp,52.306976,16.128968,382,10765.493309955424
chop-pkp,52.30687,16.128944,383,10777.392397622598
chop-pkp,52.306873,16.128863,384,10782.909539659962
chop-pkp,52.30686,16.128784,385,10788.471732536043
chop-pkp,52.306832,16.128716,386,10794.04556936143
chop-pkp,52.306792,16.128667,387,10799.602670183984
chop-pkp,52.306747,16.128641,388,10804.909510890951
chop-pkp,52.306699,16.12864,389,10810.247307750364
chop-pkp,52.306653,16.128664,390,10815.616244583685
chop-pkp,52.306615,16.128706,391,10820.716060208179
chop-pkp,52.306587,16.128765,392,10825.79389674428
chop-pkp,52.306571,16.128835,393,10830.87477657507
chop-pkp,52.306471,16.128814,394,10842.085573606124
chop-pkp,52.306417,16.128796,395,10848.213552033245
chop-pkp,52.306161,16.128723,396,10877.108935701657
chop-pkp,52.306019,16.128683,397,10893.131131987626
chop-pkp,52.30595,16.128664,398,10900.911582137065
chop-pkp,52.305839,16.128632,399,10913.444524873767
chop-pkp,52.305396,16.128522,400,10963.268462298929
chop-pkp,52.305293,16.128497,401,10974.847000446622
chop-pkp,52.305059,16.12843,402,11001.26240641817
chop-pkp,52.304588,16.128298,403,11054.398712550768
chop-pkp,52.304543,16.128287,404,11059.458077060997
chop-pkp,52.304318,16.128232,405,11084.75490129764
chop-pkp,52.304318,16.128296,406,11089.106400025736
chop-pkp,52.304311,16.129716,407,11185.658423182502
chop-pkp,52.304301,16.130345,408,11228.439961215476
chop-pkp,52.304321,16.130397,409,11232.616821059633
chop-pkp,52.304373,16.130533,410,11243.522731492245
chop-pkp,52.304473,16.130802,411,11264.927452032247
chop-pkp,52.30445,16.13085,412,11269.073765073554
chop-pkp,52.304438,16.130906,413,11273.10835390156
chop-pkp,52.304439,16.130967,414,11277.257355145617
chop-pkp,52.304452,16.131023,415,11281.330071029706
chop-pkp,52.304475,16.131069,416,11285.37022014002
chop-pkp,52.304507,16.131099,417,11289.471646603039
chop-pkp,52.304543,16.131109,418,11293.532001440939
chop-pkp,52.30458,16.1311,419,11297.691477741782
chop-pkp,52.304612,16.13107,420,11301.792901798412
chop-pkp,52.304631,16.131037,421,11304.874757717022
chop-pkp,52.304679,16.131139,422,11313.625971061041
chop-pkp,52.304703,16.131206,423,11318.905541891274
chop-pkp,52.304707,16.131259,424,11322.536440753272
chop-pkp,52.304709,16.131455,425,11335.8646437192
chop-pkp,52.304673,16.132047,426,11376.314231316426
chop-pkp,52.304613,16.132179,427,11387.497275606187
chop-pkp,52.304531,16.132173,428,11396.624393737076
chop-pkp,52.304499,16.132189,429,11400.345220387062
chop-pkp,52.304471,16.13222,430,11404.105041399684
chop-pkp,52.304463,16.132245,431,11406.023538982738
chop-pkp,52.30446,16.132274,432,11408.02332450301
chop-pkp,52.304455,16.132524,433,11425.030402931076
pkp-chop,52.304452,16.132662,0,0
pkp-chop,52.30446,16.132274,1,26.39587250367824
pkp-chop,52.304463,16.132245,2,28.395658023950514
pkp-chop,52.304471,16.13222,3,30.31415560700467
pkp-chop,52.304482,16.132203,4,31.99704136039666
pkp-chop,52.304499,16.132189,5,34.1134969181281
pkp-chop,52.304531,16.132173,6,37.83432356811441
pkp-chop,52.304613,16.132179,7,46.96144169900432
pkp-chop,52.304673,16.132047,8,58.144485988765965
pkp-chop,52.304709,16.131455,9,98.59407358599246
pkp-chop,52.304707,16.131259,10,111.9222765519209
pkp-chop,52.304703,16.131206,11,115.55317541391946
pkp-chop,52.304679,16.131139,12,120.8327462441522
pkp-chop,52.304631,16.131037,13,129.5839595881714
pkp-chop,52.304646,16.130993,14,133.00913843522918
pkp-chop,52.304652,16.130944,15,136.4068754895469
pkp-chop,52.304649,16.130894,16,139.8227857160969
pkp-chop,52.304638,16.130848,17,143.18106982919332
pkp-chop,52.30462,16.130808,18,146.55784934896676
pkp-chop,52.304595,16.130779,19,149.96600919586982
pkp-chop,52.304564,16.130761,20,153.62387053563393
pkp-chop,52.304531,16.130759,21,157.29582698958396
pkp-chop,52.3045,16.130773,22,160.87188956286982
pkp-chop,52.304473,16.130802,23,164.46375074600218
pkp-chop,52.304373,16.130533,24,185.86847128600397
pkp-chop,52.304321,16.130397,25,196.77438171861596
pkp-chop,52.304301,16.130345,26,200.95124156277322
pkp-chop,52.304311,16.129716,27,243.7327795957472
pkp-chop,52.304318,16.128296,28,340.2848027525131
pkp-chop,52.304318,16.128232,29,344.63630148060935
pkp-chop,52.304543,16.128287,30,369.93312571725204
pkp-chop,52.304588,16.128298,31,374.99249022748035
pkp-chop,52.305059,16.12843,32,428.12879636008006
pkp-chop,52.305293,16.128497,33,454.54420233162824
pkp-chop,52.305396,16.128522,34,466.1227404793201
pkp-chop,52.305839,16.128632,35,515.9466779044818
pkp-chop,52.30595,16.128664,36,528.4796206411834
pkp-chop,52.306019,16.128683,37,536.2600707906233
pkp-chop,52.306161,16.128723,38,552.2822670765927
pkp-chop,52.306417,16.128796,39,581.1776507450055
pkp-chop,52.306471,16.128814,40,587.305629172127
pkp-chop,52.306571,16.128835,41,598.5164262031799
pkp-chop,52.306568,16.128911,42,603.6943249299467
pkp-chop,52.306579,16.128984,43,608.8059974341268
pkp-chop,52.306603,16.129049,44,613.9685314644345
pkp-chop,52.306638,16.129099,45,619.1359736570798
pkp-chop,52.306671,16.129125,46,623.2090003928962
pkp-chop,52.306707,16.129137,47,627.2943184429625
pkp-chop,52.306744,16.129135,48,631.4107828508013
pkp-chop,52.306787,16.129113,49,636.4206659446742
pkp-chop,52.306825,16.129071,50,641.520475358134
pkp-chop,52.306853,16.129013,51,646.5447592967216
pkp-chop,52.30687,16.128944,52,651.6024821142249
pkp-chop,52.306976,16.128968,53,663.5015697813998
pkp-chop,52.30702,16.12898,54,668.4617104684562
pkp-chop,52.30731,16.129057,55,701.1304622573599
pkp-chop,52.307379,16.129075,56,708.899907334145
pkp-chop,52.307598,16.129141,57,733.6615916972411
pkp-chop,52.307699,16.129171,58,745.0759995947795
pkp-chop,52.307798,16.129195,59,756.2045822408303
pkp-chop,52.30803,16.129261,60,782.38917284873
pkp-chop,52.308373,16.129351,61,821.0167812492163
pkp-chop,52.308629,16.129413,62,849.7931078864572
pkp-chop,52.308728,16.129429,63,860.8550332194778
pkp-chop,52.308906,16.129436,64,880.6534779122419
pkp-chop,52.309127,16.12942,65,905.2516533868574
pkp-chop,52.309657,16.129373,66,964.2716032089763
pkp-chop,52.309763,16.129368,67,976.0631822120228
pkp-chop,52.309916,16.129365,68,993.0772519333233
pkp-chop,52.310072,16.129378,69,1010.4461838728586
pkp-chop,52.310203,16.12939,70,1025.0355658708577
pkp-chop,52.310452,16.129411,71,1052.7599228340002
pkp-chop,52.31058,16.12941,72,1066.9930554602322
pkp-chop,52.310895,16.129417,73,1102.022738257743
pkp-chop,52.311015,16.129424,74,1115.3746308721352
pkp-chop,52.311069,16.129429,75,1121.3887784284127
pkp-chop,52.311195,16.129476,76,1135.7590698301722
pkp-chop,52.311238,16.129502,77,1140.8566972873937
pkp-chop,52.311264,16.129536,78,1144.5581479411371
pkp-chop,52.31131,16.12961,79,1151.7324199094276
pkp-chop,52.311321,16.129658,80,1155.2172385837684
pkp-chop,52.31134,16.129698,81,1158.660766095732
pkp-chop,52.311366,16.129726,82,1162.1222003398943
pkp-chop,52.311392,16.129738,83,1165.1261624077567
pkp-chop,52.311418,16.129737,84,1168.0180336471685
pkp-chop,52.311444,16.129725,85,1171.0219954547815
pkp-chop,52.311466,16.129701,86,1173.9624538303417
pkp-chop,52.311478,16.129682,87,1175.8195499516632
pkp-chop,52.311487,16.129659,88,1177.6759586192466
pkp-chop,52.311494,16.129634,89,1179.545250237924
pkp-chop,52.311564,16.129562,90,1188.7399651959056
pkp-chop,52.311616,16.129526,91,1195.0187028739047
pkp-chop,52.311705,16.129492,92,1205.1813956231942
pkp-chop,52.311927,16.129453,93,1230.0086694209658
pkp-chop,52.312317,16.129468,94,1273.386737615142
pkp-chop,52.312469,16.129472,95,1290.2905770286075
pkp-chop,52.312902,16.129478,96,1338.4397743764005
pkp-chop,52.312961,16.129478,97,1345.000284110207
pkp-chop,52.31352,16.12949,98,1407.1636864904576
pkp-chop,52.313709,16.129497,99,1428.1849430530804
pkp-chop,52.313967,16.129498,100,1456.8733542897344
pkp-chop,52.314066,16.129473,101,1468.0120715590429
pkp-chop,52.314233,16.129403,102,1487.181619371371
pkp-chop,52.314368,16.129323,103,1503.1476347142323
pkp-chop,52.314416,16.129293,104,1508.8613201302592
pkp-chop,52.314916,16.129023,105,1567.4099400685855
pkp-chop,52.315053,16.128974,106,1583.0035517886095
pkp-chop,52.315095,16.128956,107,1587.8313679935702
pkp-chop,52.315187,16.128928,108,1598.2368681039088
pkp-chop,52.315241,16.128888,109,1604.8283389552462
pkp-chop,52.315245,16.12889,110,1605.2934326532607
pkp-chop,52.315267,16.128899,111,1607.8150623092795
pkp-chop,52.31529,16.128897,112,1610.3761600325818
pkp-chop,52.315311,16.128884,113,1612.8728708603874
pkp-chop,52.315329,16.128864,114,1615.2924375706543
pkp-chop,52.315343,16.128837,115,1617.6990646922095
pkp-chop,52.315351,16.128805,116,1620.0491381330453
pkp-chop,52.315355,16.128771,117,1622.4027053264986
pkp-chop,52.315352,16.12873,118,1625.2095824194764
pkp-chop,52.315341,16.128693,119,1628.006318201164
pkp-chop,52.315337,16.128686,120,1628.6576557307028
pkp-chop,52.315324,16.128663,121,1630.7869491668864
pkp-chop,52.315316,16.128626,122,1633.4547143159396
pkp-chop,52.315304,16.128542,123,1639.3184758082116
pkp-chop,52.3153,16.128467,124,1644.435988552648
pkp-chop,52.315301,16.128308,125,1655.2446334385036
pkp-chop,52.315299,16.128175,126,1664.2880834570396
pkp-chop,52.315297,16.128076,127,1671.0213123019505
pkp-chop,52.315288,16.127948,128,1679.7795159488046
pkp-chop,52.315331,16.126525,129,1776.6264519611877
pkp-chop,52.315338,16.126341,130,1789.1580940768406
pkp-chop,52.315338,16.126301,131,1791.877103824553
pkp-chop,52.315359,16.125642,132,1836.7335991441523
pkp-chop,52.315375,16.125019,133,1879.1195034187365
pkp-chop,52.315377,16.124907,134,1886.7359716083517
pkp-chop,52.31538,16.124586,135,1908.5585546485304
pkp-chop,52.315384,16.124344,136,1925.0145592288154
pkp-chop,52.315458,16.124132,137,1941.6090204305465
pkp-chop,52.315554,16.12402,138,1954.7204887434236
pkp-chop,52.316009,16.123518,139,2015.7460862898552
pkp-chop,52.316062,16.123459,140,2022.874576079504
pkp-chop,52.316361,16.123119,141,2063.365427677508
pkp-chop,52.316746,16.12269,142,2115.1635407161057
pkp-chop,52.316959,16.12245,143,2143.9226835631252
pkp-chop,52.317109,16.122282,144,2164.1365539093886
pkp-chop,52.317329,16.122147,145,2190.2639003553763
pkp-chop,52.317387,16.12212,146,2196.969255978184
pkp-chop,52.317412,16.122101,147,2200.0344818368912
pkp-chop,52.317439,16.122124,148,2203.4194032276987
pkp-chop,52.317468,16.122133,149,2206.7015748303206
pkp-chop,52.317503,16.122127,150,2210.6147130038366
pkp-chop,52.317536,16.122103,151,2214.6304315353273
pkp-chop,52.317561,16.122064,152,2218.471655050233
pkp-chop,52.317578,16.122013,153,2222.420117087326
pkp-chop,52.317584,16.121959,154,2226.150736179845
pkp-chop,52.317611,16.121904,155,2230.9454831087046
pkp-chop,52.317665,16.121848,156,2238.054859592092
pkp-chop,52.317898,16.121582,157,2269.648362644894
pkp-chop,52.317959,16.121539,158,2277.034178962843
pkp-chop,52.318262,16.121326,159,2313.705223381988
pkp-chop,52.318365,16.121255,160,2326.133530918178
pkp-chop,52.318494,16.121162,161,2341.8087775835825
pkp-chop,52.318654,16.121049,162,2361.1871030793486
pkp-chop,52.318827,16.120924,163,2382.2165778555063
pkp-chop,52.319037,16.120847,164,2406.1468712323162
pkp-chop,52.319203,16.120805,165,2424.8247008628227
pkp-chop,52.319379,16.120794,166,2444.409311515295
pkp-chop,52.319646,16.120801,167,2474.1022100087803
pkp-chop,52.319952,16.120808,168,2508.131230787186
pkp-chop,52.32001,16.120809,169,2514.580903582664
pkp-chop,52.320131,16.120813,170,2528.038254814815
pkp-chop,52.320279,16.120816,171,2544.4963898379106
pkp-chop,52.320402,16.120819,172,2558.1749045580377
pkp-chop,52.320648,16.120821,173,2585.5292320537305
pkp-chop,52.320894,16.120831,174,2612.8916644112282
pkp-chop,52.320928,16.120832,175,2616.67290802851
pkp-chop,52.321061,16.120892,176,2632.013799260297
pkp-chop,52.321194,16.121047,177,2650.1712935280043
pkp-chop,52.321211,16.121077,178,2652.951718729711
pkp-chop,52.321435,16.12146,179,2688.9795726034054
pkp-chop,52.321617,16.12177,180,2718.1938727470424
pkp-chop,52.321693,16.121891,181,2729.985727973314
pkp-chop,52.321672,16.121942,182,2734.165141733915
pkp-chop,52.321665,16.121991,183,2737.5852032841312
pkp-chop,52.321668,16.12204,184,2740.9321792586647
pkp-chop,52.321681,16.122085,185,2744.3150299307645
pkp-chop,52.321695,16.122112,186,2746.721456172128
pkp-chop,52.321724,16.122141,187,2750.500774768465
pkp-chop,52.321749,16.12215,188,2753.3471548000357
pkp-chop,52.321775,16.122148,189,2756.241420679358
pkp-chop,52.321799,16.122133,190,2759.098202583143
pkp-chop,52.32182,16.122109,191,2761.9466027083217
pkp-chop,52.321832,16.122124,192,2763.625829792667
pkp-chop,52.321893,16.122225,193,2773.2761623920615
pkp-chop,52.32216,16.122692,194,2816.737026180445
pkp-chop,52.322239,16.122839,195,2830.0404918715853
pkp-chop,52.322441,16.123213,196,2863.961370991193
pkp-chop,52.322568,16.12352,197,2889.1560850850838
pkp-chop,52.322683,16.123848,198,2914.855521608138
pkp-chop,52.323059,16.124923,199,2999.033452364745
pkp-chop,52.323124,16.125163,200,3016.8742656312024
pkp-chop,52.32318,16.125373,201,3032.445796946744
pkp-chop,52.32329,16.125284,202,3046.091146502378
pkp-chop,52.323539,16.125048,203,3078.0889386843974
pkp-chop,52.32346,16.124258,204,3132.4933493633766
pkp-chop,52.323201,16.12409,205,3163.473639106971
pkp-chop,52.323034,16.124246,206,3184.856750568163
pkp-chop,52.323269,16.125026,207,3243.9585443483434
pkp-chop,52.323272,16.125131,208,3251.1024582658124
pkp-chop,52.32329,16.125284,209,3261.691681139031
pkp-chop,52.32318,16.125373,210,3275.337030694665
pkp-chop,52.323124,16.125163,211,3290.9085620102064
pkp-chop,52.323059,16.124923,212,3308.749375276664
pkp-chop,52.322683,16.123848,213,3392.9273060332707
pkp-chop,52.322568,16.12352,214,3418.626742556325
pkp-chop,52.322441,16.123213,215,3443.821456650216
pkp-chop,52.322239,16.122839,216,3477.7423357698235
pkp-chop,52.32216,16.122692,217,3491.045801460964
pkp-chop,52.321893,16.122225,218,3534.5066652493474
pkp-chop,52.321832,16.122124,219,3544.156997848742
pkp-chop,52.32182,16.122109,220,3545.836224933087
pkp-chop,52.321836,16.122074,221,3548.8067280753294
pkp-chop,52.321846,16.122033,222,3551.8069676459895
pkp-chop,52.321848,16.12199,223,3554.737922493943
pkp-chop,52.321842,16.121947,224,3557.7356142997915
pkp-chop,52.321823,16.121899,225,3561.622302448039
pkp-chop,52.321809,16.121879,226,3563.6889722965825
pkp-chop,52.321786,16.121859,227,3566.5852549107703
pkp-chop,52.32176,16.121851,228,3569.527011593547
pkp-chop,52.321733,16.121856,229,3572.5484500800053
pkp-chop,52.321693,16.121891,230,3577.5924166916666
pkp-chop,52.321672,16.121942,231,3581.7718304522673
pkp-chop,52.321665,16.121991,232,3585.1918920024837
pkp-chop,52.321668,16.12204,233,3588.538867977017
pkp-chop,52.321681,16.122085,234,3591.921718649117
pkp-chop,52.321695,16.122112,235,3594.3281448904804
pkp-chop,52.32162,16.122228,236,3605.804509226931
pkp-chop,52.321217,16.122852,237,3667.503379503296
pkp-chop,52.320829,16.123465,238,3727.480233128938
pkp-chop,52.320418,16.124112,239,3790.9024261752015
pkp-chop,52.320329,16.124242,240,3804.169261725685
pkp-chop,52.319565,16.125348,241,3917.606326232913
pkp-chop,52.319327,16.125644,242,3950.8498564728056
pkp-chop,52.318956,16.126107,243,4002.736187270201
pkp-chop,52.318557,16.126587,244,4057.8074664450032
pkp-chop,52.318304,16.126886,245,4092.5128113658934
pkp-chop,52.318277,16.1269,246,4095.662276641409
pkp-chop,52.318239,16.126909,247,4099.931742344083
pkp-chop,52.318232,16.127162,248,4117.145959549256
pkp-chop,52.318196,16.128081,249,4179.739282636235
pkp-chop,52.318191,16.128254,250,4191.511377264148
pkp-chop,52.317997,16.128234,251,4213.126014536568
pkp-chop,52.317481,16.128189,252,4270.584147482268
pkp-chop,52.317355,16.128181,253,4284.605276102052
pkp-chop,52.317351,16.128373,254,4297.663505786408
pkp-chop,52.317333,16.129198,255,4353.77625034141
pkp-chop,52.317317,16.129815,256,4395.75281254579
pkp-chop,52.317329,16.129871,257,4399.786356086563
pkp-chop,52.317361,16.129934,258,4405.354005706627
pkp-chop,52.317394,16.129966,259,4409.61966691583
pkp-chop,52.317447,16.12998,260,4415.58934082114
pkp-chop,52.317494,16.129985,261,4420.826548544494
pkp-chop,52.317513,16.129986,262,4422.940348212737
pkp-chop,52.3176,16.129885,263,4434.802729655836
pkp-chop,52.318103,16.129924,264,4490.796639766428
pkp-chop,52.31817,16.129926,265,4498.247950309019
pkp-chop,52.318189,16.129196,266,4547.911650203799
pkp-chop,52.3182,16.128698,267,4581.783228585735
pkp-chop,52.318191,16.128254,268,4611.9788764269615
pkp-chop,52.317997,16.128234,269,4633.593513699381
pkp-chop,52.317481,16.128189,270,4691.051646645082
pkp-chop,52.317355,16.128181,271,4705.072775264865
pkp-chop,52.317299,16.128176,272,4711.308967540999
pkp-chop,52.316934,16.128143,273,4751.957109491129
pkp-chop,52.316808,16.128134,274,4765.981039055084
pkp-chop,52.316657,16.128148,275,4782.79844186572
pkp-chop,52.316499,16.128201,276,4800.732826805954
pkp-chop,52.316367,16.128267,277,4816.080883592043
pkp-chop,52.316164,16.128369,278,4839.694299007945
pkp-chop,52.31585,16.12853,279,4876.284500865485
pkp-chop,52.315707,16.128604,280,4892.962048509434
pkp-chop,52.315605,16.128642,281,4904.594363570887
pkp-chop,52.31551,16.128678,282,4915.437633529571
pkp-chop,52.315454,16.128699,283,4921.826082079102
pkp-chop,52.315399,16.12871,284,4927.9873514859755
pkp-chop,52.315369,16.1287,285,4931.39175652922
pkp-chop,52.315337,16.128686,286,4935.075061263981
pkp-chop,52.315324,16.128663,287,4937.204354700165
pkp-chop,52.315302,16.128643,288,4940.003032778664
pkp-chop,52.315277,16.128635,289,4942.835600055298
pkp-chop,52.315253,16.128639,290,4945.518097698545
pkp-chop,52.315231,16.128655,291,4948.195266123128
pkp-chop,52.315225,16.128663,292,4949.055985869332
pkp-chop,52.315212,16.128681,293,4950.949835882283
pkp-chop,52.3152,16.128715,294,4953.618534120951
pkp-chop,52.315193,16.128753,295,4956.316327803447
pkp-chop,52.315195,16.128793,296,4959.044425950663
pkp-chop,52.315203,16.12883,297,4961.712197582235
pkp-chop,52.315214,16.128856,298,4963.86153528194
pkp-chop,52.315228,16.128876,299,4965.928338384514
pkp-chop,52.315241,16.128888,300,4967.588142235918
pkp-chop,52.315245,16.12889,301,4968.053235933932
pkp-chop,52.315241,16.129073,302,4980.5006813612845
pkp-chop,52.315246,16.129243,303,4992.069864323843
pkp-chop,52.315259,16.129348,304,4999.3521893941215
pkp-chop,52.315256,16.129517,305,5010.844868797501
pkp-chop,52.315241,16.129786,306,5029.206159853863
pkp-chop,52.315224,16.130009,307,5044.482084946652
pkp-chop,52.315176,16.130635,308,5087.368145830781
pkp-chop,52.315147,16.130925,309,5107.3430504132275
pkp-chop,52.315084,16.131728,310,5162.375134479209
pkp-chop,52.315076,16.131825,311,5169.028507158594
pkp-chop,52.315199,16.131833,312,5182.716308730989
pkp-chop,52.315977,16.131883,313,5269.292819276735
pkp-chop,52.316209,16.131892,314,5295.097330715533
pkp-chop,52.31635,16.131944,315,5311.169331907356
pkp-chop,52.316346,16.13217,316,5326.53782395767
pkp-chop,52.316344,16.132556,317,5352.776613492668
pkp-chop,52.316349,16.132649,318,5359.122568797821
pkp-chop,52.316364,16.132734,319,5365.136263187454